0
0
0
0
0
0
0
0
0
0
0
0
0
0
0
0
0
138
339
293
425
355
332
324
325
329
333
335
337
338
340
341
342
344
344
346
346
346
346
346
348
348
348
348
349
348
350
349
350
349
350
350
351
351
351
350
350
351
351
352
351
351
351
351
351
351
351
351
350
351
351
351
351
351
352
351
350
350
350
350
351
350
351
351
351
351
351
351
351
351
352
350
352
351
351
351
351
351
351
351
352
351
351
352
351
352
352
352
352
353
353
352
352
353
353
353
354
354
354
354
354
354
354
354
352
350
352
350
348
347
347
345
345
345
346
346
346
346
346
346
346
347
347
346
347
347
347
346
346
347
347
347
347
347
346
347
347
347
347
346
346
347
347
347
347
347
347
347
347
347
348
348
348
347
347
347
347
347
348
347
347
347
348
348
348
348
348
348
347
347
348
347
347
347
347
347
348
347
347
348
348
348
348
348
348
348
347
348
348
348
348
348
347
348
348
348
348
348
348
348
348
349
349
348
348
349
349
348
349
349
348
349
348
348
349
349
349
349
349
354
0
0
0
0
0